100.000000 3.207000
105.000000 2.663000
110.000000 2.232000
115.000000 1.887000
120.000000 1.608000
125.000000 1.381000
130.000000 1.193000
135.000000 1.037000
140.000000 0.906000
145.000000 0.796300
150.000000 0.702200
155.000000 0.621600
160.000000 0.552600
165.000000 0.493300
170.000000 0.441500
175.000000 0.396500
180.000000 0.357100
185.000000 0.322700
190.000000 0.291900
195.000000 0.264900
200.000000 0.240800
205.000000 0.219500
210.000000 0.200600
215.000000 0.183500
220.000000 0.168200
225.000000 0.154400
230.000000 0.142000
235.000000 0.130800
240.000000 0.120600
245.000000 0.111400
250.000000 0.103100
255.000000 0.095450
260.000000 0.088540
265.000000 0.082180
270.000000 0.076380
275.000000 0.071070
280.000000 0.066210
285.000000 0.061760
290.000000 0.057660
295.000000 0.053870
300.000000 0.050380
305.000000 0.047190
310.000000 0.044210
315.000000 0.041450
320.000000 0.038870
325.000000 0.036510
330.000000 0.034340
335.000000 0.032300
340.000000 0.030400
345.000000 0.028630
350.000000 0.026980
355.000000 0.025460
360.000000 0.024030
365.000000 0.022690
370.000000 0.021460
375.000000 0.020290
380.000000 0.019200
385.000000 0.018170
390.000000 0.017210
395.000000 0.016310
400.000000 0.015460
405.000000 0.014660
410.000000 0.013900
415.000000 0.013190
420.000000 0.012530
425.000000 0.011910
430.000000 0.011320
435.000000 0.010760
440.000000 0.010240
445.000000 0.009746
450.000000 0.009280
455.000000 0.008839
460.000000 0.008427
465.000000 0.008035
470.000000 0.007660
475.000000 0.007308
480.000000 0.006971
485.000000 0.006654
490.000000 0.006355
495.000000 0.006069
500.000000 0.005800
505.000000 0.005543
510.000000 0.005301
515.000000 0.005071
520.000000 0.004852
525.000000 0.004641
530.000000 0.004443
535.000000 0.004254
540.000000 0.004075
545.000000 0.003904
550.000000 0.003742
555.000000 0.003588
560.000000 0.003438
565.000000 0.003297
570.000000 0.003162
575.000000 0.003033
580.000000 0.002912
585.000000 0.002794
590.000000 0.002683
595.000000 0.002576
600.000000 0.002476
605.000000 0.002378
610.000000 0.002287
615.000000 0.002195
620.000000 0.002110
625.000000 0.002028
630.000000 0.001951
635.000000 0.001876
640.000000 0.001807
645.000000 0.001737
650.000000 0.001671
655.000000 0.001609
660.000000 0.001549
665.000000 0.001492
670.000000 0.001437
675.000000 0.001384
680.000000 0.001333
685.000000 0.001284
690.000000 0.001237
695.000000 0.001192
700.000000 0.001149
705.000000 0.001108
710.000000 0.001068
715.000000 0.001030
720.000000 0.000994
725.000000 0.000959
730.000000 0.000925
735.000000 0.000893
740.000000 0.000862
745.000000 0.000832
750.000000 0.000802
755.000000 0.000775
760.000000 0.000748
765.000000 0.000723
770.000000 0.000698
775.000000 0.000674
780.000000 0.000651
785.000000 0.000629
790.000000 0.000608
795.000000 0.000587
800.000000 0.000568
805.000000 0.000549
810.000000 0.000531
815.000000 0.000513
820.000000 0.000496
825.000000 0.000480
830.000000 0.000464
835.000000 0.000449
840.000000 0.000434
845.000000 0.000420
850.000000 0.000406
855.000000 0.000393
860.000000 0.000380
865.000000 0.000368
870.000000 0.000356
875.000000 0.000345
880.000000 0.000334
885.000000 0.000323
890.000000 0.000313
895.000000 0.000303
900.000000 0.000294
905.000000 0.000284
910.000000 0.000276
915.000000 0.000267
920.000000 0.000259
925.000000 0.000250
930.000000 0.000243
935.000000 0.000235
940.000000 0.000228
945.000000 0.000221
950.000000 0.000214
955.000000 0.000207
960.000000 0.000201
965.000000 0.000195
970.000000 0.000189
975.000000 0.000183
980.000000 0.000178
985.000000 0.000172
990.000000 0.000167
995.000000 0.000162
1000.000000 0.000157
