# NLO-NLL Higgsino-like Cross Sections (non-degenerate case)
# taken from https://twiki.cern.ch/twiki/bin/view/LHCPhysics/SUSYCrossSections13TeVhinosplit
# mN2[GeV]  mC1[GeV]  mN1[GeV]  xsec[pb] relative uncertainty
100 80 60 6.66416 0.02753
120 90 60 4.33863 0.02894
81.5 80.75 80 6.45989 0.02651
82 81 80 6.36642 0.02766
83 81.5 80 6.22325 0.02773
85 82.5 80 5.95066 0.02788
90 85 80 5.33559 0.02823
95 87.5 80 4.80263 0.02859
100 90 80 4.33874 0.02894
110 95 80 3.57416 0.02963
120 100 80 2.97766 0.03031
140 110 80 2.12956 0.03164
101.5 100.75 100 2.90885 0.02975
102 101 100 2.87461 0.03045
103 101.5 100 2.82433 0.03051
105 102.5 100 2.73447 0.03065
110 105 100 2.51066 0.03098
115 107.5 100 2.30973 0.03131
120 110 100 2.12956 0.03164
130 115 100 1.81974 0.03229
140 120 100 1.56587 0.03288
160 130 100 1.17988 0.03417
126.5 125.75 125 1.32785 0.03289
127 126 125 1.31864 0.03365
128 126.5 125 1.29653 0.03374
130 127.5 125 1.26094 0.03386
135 130 125 1.17722 0.03417
140 132.5 125 1.10282 0.03447
145 135 125 1.03212 0.03478
155 140 125 0.90717 0.03537
165 145 125 0.80077 0.03596
185 155 125 0.63158 0.03714
152 151 150 0.69316 0.03666
153 151.5 150 0.68496 0.03675
155 152.5 150 0.66905 0.03683
160 155 150 0.63127 0.03711
165 157.5 150 0.59608 0.03739
170 160 150 0.56342 0.03767
180 165 150 0.50442 0.03822
190 170 150 0.45304 0.03877
210 180 150 0.36841 0.03983
178 176.5 175 0.39597 0.03885
180 177.5 175 0.38795 0.03895
185 180 175 0.36877 0.03923
190 182.5 175 0.35075 0.03948
195 185 175 0.33382 0.03974
202 201 200 0.24621 0.04195
203 201.5 200 0.24396 0.04201
205 202.5 200 0.23956 0.04210
210 205 200 0.22897 0.04234
215 207.5 200 0.21894 0.04258
220 210 200 0.20947 0.04282
230 215 200 0.19203 0.04329
240 220 200 0.17625 0.04376
260 230 200 0.14927 0.04467
230 227.5 225 0.15567 0.04387
235 230 225 0.14943 0.04409
240 232.5 225 0.14348 0.04435
252 251 250 0.10732 0.04651
253 251.5 250 0.10651 0.04650
255 252.5 250 0.10492 0.04663
260 255 250 0.10105 0.04684
265 257.5 250 0.09736 0.04701
270 260 250 0.09383 0.04726
280 265 250 0.08722 0.04765
290 270 250 0.08117 0.04808
310 280 250 0.07052 0.04888
302 301 300 0.05317 0.05050
303 301.5 300 0.05282 0.05054
305 302.5 300 0.05213 0.05061
310 305 300 0.05047 0.05080
315 307.5 300 0.04886 0.05104
320 310 300 0.04733 0.05117
