# https://twiki.cern.ch/twiki/bin/view/LHCPhysics/SUSYCrossSections8TeVcharginoneutralinoATLAS
# chargino- neutralino
112.5 2.3429265 0.0862056
117.5 1.9763374 0.0830634
130 1.3278558 0.0793683
142.5 0.9168908 0.0800702
150 0.7481803 0.0788533
155 0.6549598 0.0797272
175 0.3996680 0.0775254
175 0.3996680 0.0775254
192.5 0.2702694 0.0755760
200 0.2303283 0.0744805
225 0.1399333 0.0768729
250 0.0880037 0.0757726
250 0.0880037 0.0757726
267.5 0.0655287 0.0766922
300 0.0384561 0.0799419
300 0.0384561 0.0799419
325 0.0263839 0.0792385
350 0.0185075 0.0846645
375 0.0134021 0.0874715
392.5 0.0105400 0.0973080
425 0.0070532 0.0910097
425 0.0070532 0.0910097
450 0.0051102 0.0933589
500 0.0028426 0.1007162
500 0.0028426 0.1007162
517.5 0.0023919 0.1004746
550 0.0016821 0.1023248
550 0.0016821 0.1023248
575 0.0012949 0.1058971
625 0.0007638 0.1121978
625 0.0007638 0.1121978
642.5 0.0006431 0.1137896
675 0.0004785 0.1182987
675 0.0004785 0.1182987
700 0.0003855 0.1210013
750 0.0002330 0.1265437
750 0.0002330 0.1265437
750 0.0002330 0.1265437
