# NLO-NLL Higgsino-like Cross Sections (non-degenerate case)
# taken from https://twiki.cern.ch/twiki/bin/view/LHCPhysics/SUSYCrossSections13TeVhinosplit
# mN2[GeV]  mC1[GeV]  mN1[GeV]	xsec[pb]	relative uncertainty
100 80 60 7.61302 0.02396
120 90 60 4.50471 0.02546
81.5 80.75 80 7.74623 0.02308
82 81 80 7.64634 0.02394
83 81.5 80 7.45084 0.02409
85 82.5 80 7.07968 0.02417
90 85 80 6.24893 0.02456
95 87.5 80 5.53691 0.02499
100 90 80 4.92469 0.02532
110 95 80 3.93372 0.02611
120 100 80 3.18028 0.02680
140 110 80 2.14215 0.02824
101.5 100.75 100 3.20125 0.02627
102 101 100 3.16995 0.02694
103 101.5 100 3.10963 0.02702
105 102.5 100 2.99358 0.02724
110 105 100 2.72555 0.02743
115 107.5 100 2.48571 0.02791
120 110 100 2.27127 0.02814
130 115 100 1.90521 0.02896
140 120 100 1.60839 0.02944
160 130 100 1.16590 0.03099
126.5 125.75 125 1.38358 0.02982
127 126 125 1.37316 0.03033
128 126.5 125 1.35226 0.03053
130 127.5 125 1.31280 0.03066
135 130 125 1.21990 0.03099
140 132.5 125 1.13461 0.03132
145 135 125 1.05624 0.03165
155 140 125 0.91781 0.03230
165 145 125 0.80028 0.03294
185 155 125 0.61470 0.03422
152 151 150 0.69993 0.03371
153 151.5 150 0.69128 0.03370
155 152.5 150 0.67448 0.03389
160 155 150 0.63450 0.03421
165 157.5 150 0.59717 0.03449
170 160 150 0.56244 0.03482
180 165 150 0.49963 0.03540
190 170 150 0.44489 0.03602
210 180 150 0.35498 0.03719
178 176.5 175 0.39165 0.03627
180 177.5 175 0.38342 0.03637
185 180 175 0.36371 0.03668
190 182.5 175 0.34513 0.03696
195 185 175 0.32763 0.03725
202 201 200 0.24030 0.03953
203 201.5 200 0.23805 0.03953
205 202.5 200 0.23362 0.03969
210 205 200 0.22295 0.03996
215 207.5 200 0.21282 0.04018
220 210 200 0.20321 0.04048
230 215 200 0.18536 0.04095
240 220 200 0.16938 0.04152
260 230 200 0.14182 0.04253
230 227.5 225 0.15019 0.04177
235 230 225 0.14399 0.04203
240 232.5 225 0.13808 0.04234
252 251 250 0.10281 0.04455
253 251.5 250 0.10202 0.04451
255 252.5 250 0.10045 0.04469
260 255 250 0.09666 0.04492
265 257.5 250 0.09296 0.04502
270 260 250 0.08954 0.04538
280 265 250 0.08293 0.04577
290 270 250 0.07698 0.04628
310 280 250 0.06636 0.04715
302 301 300 0.05032 0.04892
303 301.5 300 0.04999 0.04896
305 302.5 300 0.04933 0.04904
310 305 300 0.04772 0.04925
315 307.5 300 0.04611 0.04932
320 310 300 0.04467 0.04965
