100.000000 10.78000
105.000000 9.018000
110.000000 7.613000
115.000000 6.473000
120.000000 5.552000
125.000000 4.789000
130.000000 4.158000
135.000000 3.630000
140.000000 3.184000
145.000000 2.807000
150.000000 2.484000
155.000000 2.207000
160.000000 1.968000
165.000000 1.761000
170.000000 1.579000
175.000000 1.421000
180.000000 1.283000
185.000000 1.160000
190.000000 1.053000
195.000000 0.956600
200.000000 0.871300
205.000000 0.795300
210.000000 0.727600
215.000000 0.666600
220.000000 0.611800
225.000000 0.562600
230.000000 0.518300
235.000000 0.478000
240.000000 0.441500
245.000000 0.408400
250.000000 0.378600
255.000000 0.350900
260.000000 0.325800
265.000000 0.302700
270.000000 0.281800
275.000000 0.262600
280.000000 0.244900
285.000000 0.228800
290.000000 0.213900
295.000000 0.200100
300.000000 0.187500
305.000000 0.175700
310.000000 0.164800
315.000000 0.154700
320.000000 0.145300
325.000000 0.136800
330.000000 0.128700
335.000000 0.121100
340.000000 0.114100
345.000000 0.107600
350.000000 0.101600
355.000000 0.095850
360.000000 0.090560
365.000000 0.085600
370.000000 0.080970
375.000000 0.076620
380.000000 0.072560
385.000000 0.068750
390.000000 0.065180
395.000000 0.061800
400.000000 0.058680
405.000000 0.055720
410.000000 0.052900
415.000000 0.050260
420.000000 0.047790
425.000000 0.045440
430.000000 0.043230
435.000000 0.041150
440.000000 0.039200
445.000000 0.037350
450.000000 0.035600
455.000000 0.033950
460.000000 0.032380
465.000000 0.030900
470.000000 0.029490
475.000000 0.028150
480.000000 0.026870
485.000000 0.025670
490.000000 0.024540
495.000000 0.023450
500.000000 0.022430
505.000000 0.021450
510.000000 0.020530
515.000000 0.019650
520.000000 0.018820
525.000000 0.018020
530.000000 0.017260
535.000000 0.016540
540.000000 0.015850
545.000000 0.015190
550.000000 0.014570
555.000000 0.013970
560.000000 0.013410
565.000000 0.012870
570.000000 0.012350
575.000000 0.011860
580.000000 0.011390
585.000000 0.010930
590.000000 0.010510
595.000000 0.010100
600.000000 0.009707
605.000000 0.009332
610.000000 0.008974
615.000000 0.008627
620.000000 0.008302
625.000000 0.007987
630.000000 0.007685
635.000000 0.007397
640.000000 0.007120
645.000000 0.006854
650.000000 0.006602
655.000000 0.006359
660.000000 0.006130
665.000000 0.005904
670.000000 0.005690
675.000000 0.005484
680.000000 0.005286
685.000000 0.005096
690.000000 0.004917
695.000000 0.004739
700.000000 0.004571
705.000000 0.004409
710.000000 0.004254
715.000000 0.004106
720.000000 0.003964
725.000000 0.003825
730.000000 0.003692
735.000000 0.003565
740.000000 0.003443
745.000000 0.003326
750.000000 0.003213
755.000000 0.003101
760.000000 0.002996
765.000000 0.002894
770.000000 0.002797
775.000000 0.002703
780.000000 0.002612
785.000000 0.002525
790.000000 0.002441
795.000000 0.002362
800.000000 0.002282
805.000000 0.002208
810.000000 0.002136
815.000000 0.002065
820.000000 0.001998
825.000000 0.001933
830.000000 0.001871
835.000000 0.001811
840.000000 0.001752
845.000000 0.001696
850.000000 0.001643
855.000000 0.001590
860.000000 0.001539
865.000000 0.001490
870.000000 0.001443
875.000000 0.001397
880.000000 0.001353
885.000000 0.001311
890.000000 0.001270
895.000000 0.001230
900.000000 0.001192
905.000000 0.001156
910.000000 0.001119
915.000000 0.001085
920.000000 0.001051
925.000000 0.001018
930.000000 0.000987
935.000000 0.000957
940.000000 0.000928
945.000000 0.000900
950.000000 0.000872
955.000000 0.000846
960.000000 0.000820
965.000000 0.000796
970.000000 0.000771
975.000000 0.000749
980.000000 0.000726
985.000000 0.000704
990.000000 0.000682
995.000000 0.000662
1000.000000 0.000642
