#NLO (in QCD) PRODUCTION CROSS-SECTIONS FOR VLL (DOUBLET MODEL) AT 13 TEV LHC
#PDFs: Madgraph's default PDFs based on NNPDF2.3 set (LHAPDF ID: 244800, SET NAME: NNPDF23_nlo_as_0119_qed)
#SCALE: Madgraph's default (dynamic) factorization scale
#MASS (GeV) p p > nup nup (pb)  
100.000000 2.899000
105.000000 2.441000
110.000000 2.073000
115.000000 1.774000
120.000000 1.528000
125.000000 1.323000
130.000000 1.153000
135.000000 1.008000
140.000000 0.887000
145.000000 0.783800
150.000000 0.694900
155.000000 0.618000
160.000000 0.552400
165.000000 0.494900
170.000000 0.444700
175.000000 0.400600
180.000000 0.362100
185.000000 0.328100
190.000000 0.297800
195.000000 0.271100
200.000000 0.247100
205.000000 0.225700
210.000000 0.206600
215.000000 0.189400
220.000000 0.174000
225.000000 0.160000
230.000000 0.147400
235.000000 0.136000
240.000000 0.125700
245.000000 0.116300
250.000000 0.107700
255.000000 0.099980
260.000000 0.092830
265.000000 0.086280
270.000000 0.080270
275.000000 0.074780
280.000000 0.069750
285.000000 0.065130
290.000000 0.060860
295.000000 0.057000
300.000000 0.053310
305.000000 0.049980
310.000000 0.046880
315.000000 0.044010
320.000000 0.041340
325.000000 0.038860
330.000000 0.036560
335.000000 0.034410
340.000000 0.032420
345.000000 0.030560
350.000000 0.028810
355.000000 0.027190
360.000000 0.025690
365.000000 0.024290
370.000000 0.022970
375.000000 0.021730
380.000000 0.020560
385.000000 0.019480
390.000000 0.018460
395.000000 0.017500
400.000000 0.016610
405.000000 0.015760
410.000000 0.014970
415.000000 0.014210
420.000000 0.013500
425.000000 0.012840
430.000000 0.012210
435.000000 0.011610
440.000000 0.011050
445.000000 0.010530
450.000000 0.010030
455.000000 0.009552
460.000000 0.009108
465.000000 0.008686
470.000000 0.008289
475.000000 0.007908
480.000000 0.007546
485.000000 0.007209
490.000000 0.006884
495.000000 0.006582
500.000000 0.006292
505.000000 0.006012
510.000000 0.005753
515.000000 0.005505
520.000000 0.005271
525.000000 0.005040
530.000000 0.004830
535.000000 0.004628
540.000000 0.004436
545.000000 0.004249
550.000000 0.004073
555.000000 0.003905
560.000000 0.003745
565.000000 0.003594
570.000000 0.003447
575.000000 0.003309
580.000000 0.003177
585.000000 0.003051
590.000000 0.002930
595.000000 0.002814
600.000000 0.002706
605.000000 0.002600
610.000000 0.002499
615.000000 0.002402
620.000000 0.002310
625.000000 0.002221
630.000000 0.002137
635.000000 0.002056
640.000000 0.001979
645.000000 0.001905
650.000000 0.001834
655.000000 0.001766
660.000000 0.001701
665.000000 0.001639
670.000000 0.001579
675.000000 0.001520
680.000000 0.001465
685.000000 0.001413
690.000000 0.001361
695.000000 0.001312
700.000000 0.001266
705.000000 0.001221
710.000000 0.001177
715.000000 0.001136
720.000000 0.001096
725.000000 0.001057
730.000000 0.001020
735.000000 0.000985
740.000000 0.000950
745.000000 0.000917
750.000000 0.000886
755.000000 0.000855
760.000000 0.000826
765.000000 0.000798
770.000000 0.000771
775.000000 0.000745
780.000000 0.000719
785.000000 0.000696
790.000000 0.000673
795.000000 0.000650
800.000000 0.000628
805.000000 0.000607
810.000000 0.000587
815.000000 0.000568
820.000000 0.000550
825.000000 0.000532
830.000000 0.000514
835.000000 0.000497
840.000000 0.000481
845.000000 0.000466
850.000000 0.000451
855.000000 0.000437
860.000000 0.000423
865.000000 0.000409
870.000000 0.000396
875.000000 0.000384
880.000000 0.000372
885.000000 0.000360
890.000000 0.000349
895.000000 0.000338
900.000000 0.000327
905.000000 0.000317
910.000000 0.000307
915.000000 0.000298
920.000000 0.000288
925.000000 0.000280
930.000000 0.000271
935.000000 0.000262
940.000000 0.000254
945.000000 0.000247
950.000000 0.000239
955.000000 0.000232
960.000000 0.000225
965.000000 0.000218
970.000000 0.000211
975.000000 0.000205
980.000000 0.000199
985.000000 0.000193
990.000000 0.000187
995.000000 0.000182
1000.000000 0.000176
