# https://twiki.cern.ch/twiki/bin/view/LHCPhysics/SUSYCrossSections8TeVcharginoneutralinoATLAS
# chargino+ neutralino
112.5 4.1796550 0.0658108
117.5 3.5655794 0.0623925
130 2.4578099 0.0605453
142.5 1.7469562 0.0614241
150 1.4424485 0.0570722
155 1.2734135 0.0541951
175 0.8053968 0.0596618
175 0.8053968 0.0596618
192.5 0.5610849 0.0592816
200 0.4841195 0.0575899
225 0.3065397 0.0623806
250 0.1998918 0.0574974
250 0.1998918 0.0574974
267.5 0.1528537 0.0585006
300 0.0932699 0.0648579
300 0.0932699 0.0648579
325 0.0659234 0.0672082
350 0.0477262 0.0686587
375 0.0353087 0.0686556
392.5 0.0282031 0.0751439
425 0.0194272 0.0750640
425 0.0194272 0.0750640
450 0.0144111 0.0788910
500 0.0083071 0.0776705
500 0.0083071 0.0776705
517.5 0.0070688 0.0801138
550 0.0050505 0.0786143
550 0.0050505 0.0786143
575 0.0039274 0.0787955
625 0.0023568 0.0821303
625 0.0023568 0.0821303
642.5 0.0020010 0.0812401
675 0.0014927 0.0813107
675 0.0014927 0.0813107
700 0.0012067 0.0837222
750 0.0007328 0.0822007
750 0.0007328 0.0822007
750 0.0007328 0.0822007

