100	1.143E+05	5.38 %
105	9.266E+04	5.39 %
110	7.567E+04	5.40 %
115	6.223E+04	5.40 %
120	5.152E+04	5.40 %
125	4.292E+04	5.40 %
130	3.597E+04	5.39 %
135	3.032E+04	5.38 %
140	2.569E+04	5.38 %
145	2.187E+04	5.37 %
150	1.871E+04	5.36 %
155	1.608E+04	5.36 %
160	1.387E+04	5.35 %
165	1.202E+04	5.35 %
170	1.045E+04	5.35 %
175	9.116E+03	5.36 %
180	7.980E+03	5.36 %
185	7.007E+03	5.37 %
190	6.171E+03	5.39 %
195	5.450E+03	5.40 %
200	4.826E+03	5.42 %
205	4.284E+03	5.44 %
210	3.812E+03	5.46 %
215	3.400E+03	5.48 %
220	3.039E+03	5.50 %
225	2.722E+03	5.53 %
230	2.442E+03	5.56 %
235	2.196E+03	5.58 %
240	1.978E+03	5.61 %
245	1.785E+03	5.64 %
250	1.613E+03	5.67 %
255	1.461E+03	5.69 %
260	1.325E+03	5.71 %
265	1.203E+03	5.74 %
270	1.095E+03	5.76 %
275	9.971E+02	5.78 %
280	9.095E+02	5.80 %
285	8.307E+02	5.82 %
290	7.596E+02	5.85 %
295	6.955E+02	5.87 %
300	6.376E+02	5.89 %
305	5.852E+02	5.92 %
310	5.377E+02	5.94 %
315	4.945E+02	5.97 %
320	4.554E+02	6.00 %
325	4.197E+02	6.03 %
330	3.873E+02	6.05 %
335	3.576E+02	6.08 %
340	3.306E+02	6.11 %
345	3.059E+02	6.14 %
350	2.833E+02	6.17 %
355	2.626E+02	6.19 %
360	2.436E+02	6.22 %
365	2.262E+02	6.25 %
370	2.102E+02	6.28 %
375	1.955E+02	6.30 %
380	1.819E+02	6.33 %
385	1.694E+02	6.35 %
390	1.579E+02	6.38 %
395	1.473E+02	6.41 %
400	1.375E+02	6.43 %
405	1.284E+02	6.46 %
410	1.200E+02	6.49 %
415	1.122E+02	6.52 %
420	1.050E+02	6.54 %
425	9.832E+01	6.57 %
430	9.212E+01	6.60 %
435	8.635E+01	6.62 %
440	8.100E+01	6.65 %
445	7.602E+01	6.68 %
450	7.138E+01	6.71 %
455	6.707E+01	6.73 %
460	6.305E+01	6.76 %
465	5.930E+01	6.78 %
470	5.580E+01	6.81 %
475	5.253E+01	6.84 %
480	4.948E+01	6.86 %
485	4.663E+01	6.89 %
490	4.396E+01	6.91 %
495	4.147E+01	6.94 %
500	3.913E+01	6.96 %
505	3.694E+01	6.99 %
510	3.489E+01	7.01 %
515	3.297E+01	7.04 %
520	3.117E+01	7.06 %
525	2.948E+01	7.09 %
530	2.789E+01	7.12 %
535	2.639E+01	7.14 %
540	2.499E+01	7.17 %
545	2.367E+01	7.19 %
550	2.243E+01	7.22 %
555	2.126E+01	7.25 %
560	2.016E+01	7.27 %
565	1.912E+01	7.30 %
570	1.815E+01	7.33 %
575	1.722E+01	7.35 %
580	1.636E+01	7.38 %
585	1.554E+01	7.41 %
590	1.476E+01	7.43 %
595	1.403E+01	7.46 %
600	1.334E+01	7.49 %
605	1.269E+01	7.52 %
610	1.207E+01	7.55 %
615	1.149E+01	7.58 %
620	1.094E+01	7.60 %
625	1.041E+01	7.63 %
630	9.920E+00	7.66 %
635	9.451E+00	7.69 %
640	9.008E+00	7.72 %
645	8.587E+00	7.75 %
650	8.189E+00	7.78 %
655	7.811E+00	7.80 %
660	7.452E+00	7.83 %
665	7.112E+00	7.86 %
670	6.789E+00	7.89 %
675	6.482E+00	7.92 %
680	6.191E+00	7.95 %
685	5.914E+00	7.97 %
690	5.651E+00	8.00 %
695	5.401E+00	8.03 %
700	5.163E+00	8.06 %
705	4.937E+00	8.08 %
710	4.722E+00	8.11 %
715	4.517E+00	8.13 %
720	4.322E+00	8.16 %
725	4.136E+00	8.18 %
730	3.959E+00	8.21 %
735	3.791E+00	8.23 %
740	3.630E+00	8.26 %
745	3.477E+00	8.28 %
750	3.332E+00	8.30 %
755	3.192E+00	8.33 %
760	3.060E+00	8.35 %
765	2.933E+00	8.38 %
770	2.812E+00	8.40 %
775	2.697E+00	8.42 %
780	2.587E+00	8.45 %
785	2.482E+00	8.47 %
790	2.381E+00	8.50 %
795	2.286E+00	8.52 %
800	2.194E+00	8.55 %
805	2.106E+00	8.57 %
810	2.023E+00	8.60 %
815	1.942E+00	8.62 %
820	1.866E+00	8.65 %
825	1.793E+00	8.68 %
830	1.723E+00	8.70 %
835	1.655E+00	8.73 %
840	1.591E+00	8.75 %
845	1.530E+00	8.78 %
850	1.471E+00	8.81 %
855	1.415E+00	8.83 %
860	1.361E+00	8.86 %
865	1.309E+00	8.89 %
870	1.259E+00	8.91 %
875	1.212E+00	8.94 %
880	1.166E+00	8.96 %
885	1.123E+00	8.99 %
890	1.081E+00	9.02 %
895	1.041E+00	9.04 %
900	1.002E+00	9.07 %
905	9.652E-01	9.10 %
910	9.297E-01	9.12 %
915	8.956E-01	9.15 %
920	8.629E-01	9.18 %
925	8.315E-01	9.21 %
930	8.013E-01	9.23 %
935	7.724E-01	9.26 %
940	7.446E-01	9.29 %
945	7.179E-01	9.31 %
950	6.922E-01	9.34 %
955	6.675E-01	9.37 %
960	6.438E-01	9.39 %
965	6.210E-01	9.42 %
970	5.991E-01	9.45 %
975	5.781E-01	9.47 %
980	5.578E-01	9.50 %
985	5.383E-01	9.53 %
990	5.196E-01	9.55 %
995	5.016E-01	9.58 %
1000	4.842E-01	9.60 %
1005	4.675E-01	9.63 %
1010	4.514E-01	9.65 %
1015	4.360E-01	9.67 %
1020	4.211E-01	9.69 %
1025	4.067E-01	9.72 %
1030	3.929E-01	9.74 %
1035	3.796E-01	9.76 %
1040	3.668E-01	9.78 %
1045	3.545E-01	9.81 %
1050	3.426E-01	9.83 %
1055	3.312E-01	9.85 %
1060	3.201E-01	9.87 %
1065	3.095E-01	9.90 %
1070	2.992E-01	9.92 %
1075	2.893E-01	9.94 %
1080	2.798E-01	9.97 %
1085	2.706E-01	9.99 %
1090	2.618E-01	10.02 %
1095	2.532E-01	10.04 %
1100	2.450E-01	10.07 %
1105	2.370E-01	10.10 %
1110	2.293E-01	10.13 %
1115	2.219E-01	10.16 %
1120	2.148E-01	10.19 %
1125	2.079E-01	10.22 %
1130	2.012E-01	10.26 %
1135	1.948E-01	10.29 %
1140	1.886E-01	10.32 %
1145	1.826E-01	10.36 %
1150	1.768E-01	10.39 %
1155	1.713E-01	10.43 %
1160	1.659E-01	10.46 %
1165	1.606E-01	10.49 %
1170	1.556E-01	10.53 %
1175	1.507E-01	10.57 %
1180	1.460E-01	10.60 %
1185	1.415E-01	10.64 %
1190	1.371E-01	10.67 %
1195	1.329E-01	10.71 %
1200	1.288E-01	10.74 %
1205	1.248E-01	10.78 %
1210	1.209E-01	10.81 %
1215	1.172E-01	10.84 %
1220	1.136E-01	10.88 %
1225	1.102E-01	10.91 %
1230	1.068E-01	10.95 %
1235	1.036E-01	10.98 %
1240	1.004E-01	11.01 %
1245	9.739E-02	11.05 %
1250	9.445E-02	11.08 %
1255	9.161E-02	11.12 %
1260	8.885E-02	11.15 %
1265	8.619E-02	11.19 %
1270	8.361E-02	11.23 %
1275	8.111E-02	11.26 %
1280	7.870E-02	11.30 %
1285	7.636E-02	11.33 %
1290	7.409E-02	11.37 %
1295	7.190E-02	11.41 %
1300	6.978E-02	11.45 %
1305	6.772E-02	11.48 %
1310	6.573E-02	11.52 %
1315	6.380E-02	11.56 %
1320	6.194E-02	11.60 %
1325	6.013E-02	11.64 %
1330	5.837E-02	11.68 %
1335	5.668E-02	11.73 %
1340	5.503E-02	11.77 %
1345	5.344E-02	11.81 %
1350	5.189E-02	11.85 %
1355	5.040E-02	11.90 %
1360	4.895E-02	11.94 %
1365	4.754E-02	11.98 %
1370	4.618E-02	12.03 %
1375	4.486E-02	12.07 %
1380	4.357E-02	12.12 %
1385	4.233E-02	12.17 %
1390	4.113E-02	12.21 %
1395	3.996E-02	12.26 %
1400	3.883E-02	12.31 %
1405	3.773E-02	12.36 %
1410	3.667E-02	12.41 %
1415	3.563E-02	12.46 %
1420	3.463E-02	12.51 %
1425	3.366E-02	12.56 %
1430	3.271E-02	12.61 %
1435	3.180E-02	12.67 %
1440	3.091E-02	12.72 %
1445	3.005E-02	12.77 %
1450	2.921E-02	12.83 %
1455	2.840E-02	12.88 %
1460	2.761E-02	12.94 %
1465	2.685E-02	12.99 %
1470	2.611E-02	13.05 %
1475	2.539E-02	13.11 %
1480	2.469E-02	13.17 %
1485	2.401E-02	13.23 %
1490	2.335E-02	13.29 %
1495	2.271E-02	13.35 %
1500	2.209E-02	13.41 %
1505	2.149E-02	13.47 %
1510	2.091E-02	13.53 %
1515	2.034E-02	13.59 %
1520	1.979E-02	13.65 %
1525	1.925E-02	13.71 %
1530	1.873E-02	13.78 %
1535	1.822E-02	13.84 %
1540	1.773E-02	13.91 %
1545	1.725E-02	13.97 %
1550	1.679E-02	14.04 %
1555	1.634E-02	14.11 %
1560	1.590E-02	14.17 %
1565	1.548E-02	14.24 %
1570	1.506E-02	14.31 %
1575	1.466E-02	14.38 %
1580	1.427E-02	14.46 %
1585	1.389E-02	14.53 %
1590	1.353E-02	14.60 %
1595	1.317E-02	14.68 %
1600	1.282E-02	14.75 %
1605	1.248E-02	14.83 %
1610	1.215E-02	14.92 %
1615	1.183E-02	15.00 %
1620	1.152E-02	15.08 %
1625	1.122E-02	15.17 %
1630	1.092E-02	15.25 %
1635	1.064E-02	15.34 %
1640	1.036E-02	15.43 %
1645	1.009E-02	15.51 %
1650	9.825E-03	15.60 %
1655	9.569E-03	15.69 %
1660	9.321E-03	15.78 %
1665	9.079E-03	15.87 %
1670	8.843E-03	15.97 %
1675	8.614E-03	16.06 %
1680	8.392E-03	16.15 %
1685	8.175E-03	16.24 %
1690	7.964E-03	16.34 %
1695	7.759E-03	16.43 %
1700	7.560E-03	16.53 %
1705	7.366E-03	16.61 %
1710	7.177E-03	16.70 %
1715	6.993E-03	16.79 %
1720	6.814E-03	16.88 %
1725	6.640E-03	16.97 %
1730	6.471E-03	17.06 %
1735	6.306E-03	17.15 %
1740	6.145E-03	17.24 %
1745	5.989E-03	17.34 %
1750	5.837E-03	17.43 %
1755	5.690E-03	17.52 %
1760	5.546E-03	17.62 %
1765	5.406E-03	17.72 %
1770	5.269E-03	17.82 %
1775	5.136E-03	17.92 %
1780	5.007E-03	18.02 %
1785	4.881E-03	18.12 %
1790	4.759E-03	18.23 %
1795	4.640E-03	18.33 %
1800	4.524E-03	18.44 %
1805	4.411E-03	18.56 %
1810	4.301E-03	18.68 %
1815	4.194E-03	18.80 %
1820	4.089E-03	18.92 %
1825	3.988E-03	19.04 %
1830	3.889E-03	19.17 %
1835	3.793E-03	19.29 %
1840	3.699E-03	19.42 %
1845	3.607E-03	19.55 %
1850	3.518E-03	19.69 %
1855	3.432E-03	19.82 %
1860	3.347E-03	19.96 %
1865	3.265E-03	20.09 %
1870	3.185E-03	20.23 %
1875	3.107E-03	20.37 %
1880	3.031E-03	20.51 %
1885	2.956E-03	20.66 %
1890	2.884E-03	20.80 %
1895	2.814E-03	20.95 %
1900	2.745E-03	21.10 %
1905	2.678E-03	21.24 %
1910	2.613E-03	21.39 %
1915	2.549E-03	21.54 %
1920	2.487E-03	21.69 %
1925	2.427E-03	21.84 %
1930	2.368E-03	22.00 %
1935	2.311E-03	22.15 %
1940	2.255E-03	22.31 %
1945	2.200E-03	22.47 %
1950	2.147E-03	22.63 %
1955	2.095E-03	22.79 %
1960	2.045E-03	22.95 %
1965	1.995E-03	23.12 %
1970	1.947E-03	23.29 %
1975	1.901E-03	23.45 %
1980	1.855E-03	23.62 %
1985	1.810E-03	23.80 %
1990	1.767E-03	23.97 %
1995	1.725E-03	24.15 %
2000	1.684E-03	24.32 %
2005	1.643E-03	24.50 %
2010	1.604E-03	24.68 %
2015	1.566E-03	24.87 %
2020	1.529E-03	25.05 %
2025	1.493E-03	25.24 %
2030	1.457E-03	25.43 %
2035	1.423E-03	25.62 %
2040	1.389E-03	25.81 %
2045	1.356E-03	26.01 %
2050	1.324E-03	26.20 %
2055	1.293E-03	26.40 %
2060	1.263E-03	26.60 %
2065	1.233E-03	26.80 %
2070	1.204E-03	27.01 %
2075	1.176E-03	27.21 %
2080	1.148E-03	27.42 %
2085	1.121E-03	27.63 %
2090	1.095E-03	27.84 %
2095	1.069E-03	28.06 %
2100	1.044E-03	28.27 %
2105	1.020E-03	28.49 %
2110	9.961E-04	28.71 %
2115	9.729E-04	28.93 %
2120	9.502E-04	29.16 %
2125	9.281E-04	29.39 %
2130	9.065E-04	29.62 %
2135	8.854E-04	29.85 %
2140	8.648E-04	30.08 %
2145	8.448E-04	30.32 %
2150	8.252E-04	30.55 %
2155	8.061E-04	30.79 %
2160	7.874E-04	31.03 %
2165	7.692E-04	31.27 %
2170	7.515E-04	31.52 %
2175	7.341E-04	31.76 %
2180	7.172E-04	32.01 %
2185	7.007E-04	32.26 %
2190	6.846E-04	32.51 %
2195	6.689E-04	32.77 %
2200	6.535E-04	33.02 %
2205	6.386E-04	33.27 %
2210	6.240E-04	33.52 %
2215	6.097E-04	33.78 %
2220	5.958E-04	34.03 %
2225	5.822E-04	34.29 %
2230	5.690E-04	34.55 %
2235	5.560E-04	34.81 %
2240	5.434E-04	35.07 %
2245	5.310E-04	35.34 %
2250	5.190E-04	35.61 %
2255	5.072E-04	35.88 %
2260	4.957E-04	36.16 %
2265	4.845E-04	36.43 %
2270	4.735E-04	36.71 %
2275	4.628E-04	37.00 %
2280	4.524E-04	37.28 %
2285	4.422E-04	37.57 %
2290	4.322E-04	37.87 %
2295	4.225E-04	38.16 %
2300	4.130E-04	38.46 %
2305	4.037E-04	38.78 %
2310	3.946E-04	39.10 %
2315	3.857E-04	39.43 %
2320	3.770E-04	39.76 %
2325	3.685E-04	40.09 %
2330	3.603E-04	40.42 %
2335	3.522E-04	40.76 %
2340	3.443E-04	41.10 %
2345	3.366E-04	41.44 %
2350	3.290E-04	41.79 %
2355	3.217E-04	42.13 %
2360	3.145E-04	42.48 %
2365	3.075E-04	42.84 %
2370	3.006E-04	43.19 %
2375	2.939E-04	43.55 %
2380	2.874E-04	43.91 %
2385	2.810E-04	44.27 %
2390	2.747E-04	44.63 %
2395	2.686E-04	44.99 %
2400	2.627E-04	45.36 %
2405	2.569E-04	45.71 %
2410	2.512E-04	46.07 %
2415	2.457E-04	46.42 %
2420	2.402E-04	46.78 %
2425	2.350E-04	47.14 %
2430	2.298E-04	47.50 %
2435	2.247E-04	47.86 %
2440	2.198E-04	48.22 %
2445	2.150E-04	48.59 %
2450	2.103E-04	48.96 %
2455	2.057E-04	49.33 %
2460	2.012E-04	49.70 %
2465	1.968E-04	50.08 %
2470	1.925E-04	50.46 %
2475	1.883E-04	50.84 %
2480	1.842E-04	51.23 %
2485	1.802E-04	51.61 %
2490	1.763E-04	52.00 %
2495	1.724E-04	52.40 %
2500	1.687E-04	52.80 %
2505	1.650E-04	53.20 %
2510	1.614E-04	53.60 %
2515	1.579E-04	54.01 %
2520	1.545E-04	54.43 %
2525	1.511E-04	54.84 %
2530	1.479E-04	55.26 %
2535	1.446E-04	55.69 %
2540	1.415E-04	56.12 %
2545	1.385E-04	56.55 %
2550	1.355E-04	56.99 %
2555	1.325E-04	57.43 %
2560	1.297E-04	57.87 %
2565	1.269E-04	58.32 %
2570	1.241E-04	58.78 %
2575	1.214E-04	59.24 %
2580	1.188E-04	59.70 %
2585	1.163E-04	60.17 %
2590	1.138E-04	60.64 %
2595	1.113E-04	61.12 %
2600	1.089E-04	61.61 %
2605	1.066E-04	62.11 %
2610	1.043E-04	62.61 %
2615	1.021E-04	63.12 %
2620	9.987E-05	63.64 %
2625	9.773E-05	64.16 %
2630	9.564E-05	64.69 %
2635	9.359E-05	65.22 %
2640	9.159E-05	65.75 %
2645	8.964E-05	66.29 %
2650	8.772E-05	66.83 %
2655	8.585E-05	67.38 %
2660	8.402E-05	67.93 %
2665	8.223E-05	68.49 %
2670	8.048E-05	69.05 %
2675	7.876E-05	69.61 %
2680	7.709E-05	70.18 %
2685	7.545E-05	70.75 %
2690	7.385E-05	71.33 %
2695	7.228E-05	71.91 %
2700	7.075E-05	72.49 %
2705	6.925E-05	73.07 %
2710	6.778E-05	73.66 %
2715	6.635E-05	74.26 %
2720	6.495E-05	74.85 %
2725	6.357E-05	75.45 %
2730	6.223E-05	76.05 %
2735	6.092E-05	76.66 %
2740	5.963E-05	77.26 %
2745	5.838E-05	77.87 %
2750	5.715E-05	78.48 %
2755	5.595E-05	79.10 %
2760	5.477E-05	79.71 %
2765	5.362E-05	80.33 %
2770	5.249E-05	80.95 %
2775	5.139E-05	81.57 %
2780	5.032E-05	82.19 %
2785	4.926E-05	82.82 %
2790	4.823E-05	83.45 %
2795	4.722E-05	84.07 %
2800	4.623E-05	84.70 %
2805	4.527E-05	85.30 %
2810	4.432E-05	85.90 %
2815	4.340E-05	86.51 %
2820	4.250E-05	87.11 %
2825	4.161E-05	87.72 %
2830	4.075E-05	88.33 %
2835	3.990E-05	88.95 %
2840	3.907E-05	89.56 %
2845	3.826E-05	90.19 %
2850	3.747E-05	90.81 %
2855	3.669E-05	91.44 %
2860	3.593E-05	92.08 %
2865	3.518E-05	92.72 %
2870	3.446E-05	93.37 %
2875	3.374E-05	94.02 %
2880	3.305E-05	94.68 %
2885	3.236E-05	95.35 %
2890	3.169E-05	96.03 %
2895	3.104E-05	96.71 %
2900	3.040E-05	97.40 %
2905	2.977E-05	98.10 %
2910	2.916E-05	98.81 %
2915	2.856E-05	99.52 %
2920	2.797E-05	100.25 %
2925	2.739E-05	100.99 %
2930	2.683E-05	101.73 %
2935	2.628E-05	102.49 %
2940	2.574E-05	103.26 %
2945	2.521E-05	104.04 %
2950	2.469E-05	104.83 %
2955	2.418E-05	105.63 %
2960	2.369E-05	106.44 %
2965	2.320E-05	107.27 %
2970	2.272E-05	108.11 %
2975	2.226E-05	108.97 %
2980	2.180E-05	109.84 %
2985	2.135E-05	110.72 %
2990	2.091E-05	111.62 %
2995	2.049E-05	112.53 %
3000	2.007E-05	113.45 %
