| m(stau) [GeV] | m(chi1) [GeV] | official 95% UL [pb] | pyhf 95% UL [pb] | discrepancy [%] |
|---------------|---------------|----------------------|------------------|-----------------|
| 80            | 1             | 24.44300             | 13.85909         | -43.3           |
| 100           | 1             | 0.62703              | 0.73824          | 17.7            |
| 120           | 1             | 0.19548              | 0.24437          | 25.0            |
| 120           | 40            | 0.49516              | 0.47462          | -4.1            |
| 140           | 1             | 0.08059              | 0.09598          | 19.1            |
| 140           | 40            | 0.12468              | 0.15065          | 20.8            |
| 160           | 100           | 1.16810              | 1.31214          | 12.3            |
| 160           | 1             | 0.03869              | 0.04425          | 14.4            |
| 160           | 40            | 0.04872              | 0.05736          | 17.7            |
| 160           | 80            | 0.19953              | 0.21385          | 7.2             |
| 180           | 1             | 0.02181              | 0.02887          | 32.3            |
| 180           | 40            | 0.02668              | 0.03224          | 20.8            |
| 200           | 120           | 0.10116              | 0.12771          | 26.2            |
| 200           | 1             | 0.01232              | 0.01588          | 28.9            |
| 200           | 40            | 0.01445              | 0.01899          | 31.4            |
| 200           | 80            | 0.02917              | 0.03387          | 16.1            |
| 220           | 1             | 0.00720              | 0.00714          | -0.9            |
| 220           | 40            | 0.01114              | 0.01374          | 23.3            |
| 240           | 120           | 0.01747              | 0.02085          | 19.3            |
| 240           | 160           | 0.09266              | 0.11105          | 19.8            |
| 240           | 1             | 0.00786              | 0.00997          | 26.9            |
| 240           | 40            | 0.00754              | 0.00987          | 31.0            |
| 240           | 80            | 0.01125              | 0.01147          | 1.9             |
| 260           | 1             | 0.00507              | 0.00494          | -2.6            |
| 260           | 40            | 0.00656              | 0.00761          | 16.0            |
| 280           | 120           | 0.00604              | 0.00575          | -4.8            |
| 280           | 160           | 0.01679              | 0.01976          | 17.7            |
| 280           | 1             | 0.00476              | 0.00504          | 5.9             |
| 280           | 40            | 0.00414              | 0.00378          | -8.8            |
| 280           | 80            | 0.00502              | 0.00563          | 12.1            |
| 300           | 1             | 0.00355              | 0.00340          | -4.1            |
| 300           | 40            | 0.00356              | 0.00346          | -2.8            |
| 320           | 120           | 0.00458              | 0.00407          | -11.1           |
| 320           | 160           | 0.00505              | 0.00466          | -7.8            |
| 320           | 1             | 0.00292              | 0.00289          | -0.7            |
| 320           | 40            | 0.00303              | 0.00280          | -7.5            |
| 320           | 80            | 0.00302              | 0.00292          | -3.1            |
| 340           | 1             | 0.00226              | 0.00222          | -1.4            |
| 340           | 40            | 0.00239              | 0.00237          | -0.9            |
| 360           | 120           | 0.00331              | 0.00304          | -8.2            |
| 360           | 160           | 0.00356              | 0.00336          | -5.6            |
| 360           | 1             | 0.00220              | 0.00217          | -1.7            |
| 360           | 40            | 0.00244              | 0.00235          | -3.7            |
| 360           | 80            | 0.00288              | 0.00273          | -5.2            |
| 380           | 1             | 0.00209              | 0.00207          | -1.1            |
| 400           | 120           | 0.00210              | 0.00207          | -1.1            |
| 400           | 160           | 0.00268              | 0.00246          | -8.2            |
| 400           | 1             | 0.00202              | 0.00201          | -0.5            |
| 400           | 40            | 0.00200              | 0.00196          | -2.0            |
| 400           | 80            | 0.00197              | 0.00189          | -4.3            |
| 440           | 120           | 0.00191              | 0.00179          | -6.0            |
| 440           | 1             | 0.00162              | 0.00158          | -2.5            |
| 440           | 40            | 0.00192              | 0.00176          | -8.5            |
| 440           | 80            | 0.00172              | 0.00163          | -4.9            |
| 280           | 200           | 0.07698              | 0.09782          | 27.1            |
| 320           | 200           | 0.01404              | 0.01446          | 3.0             |
| 360           | 200           | 0.00547              | 0.00473          | -13.5           |
